3,387781 1,7653383 1,8145542 1,5250468 1,4791499 1,4602468 0,85331 0,3246517 0
4,217977 1,7046232 1,5216436 1,4547379 1,2499064 1,0682693 0,85986173 0,420061 1
3,8234775 2,442033 2,2492187 1,6831715 1,4189842 1,1983871 0,7810819 0,2956219 2
4,6053195 1,5721784 1,1669912 1,0572525 0,9154469 0,82677126 0,9341184 0,48739147 3
4,2784257 2,3429263 1,2986935 1,1086758 0,85295004 0,67094606 0,5621195 0,4169128 4
4,3619494 2,5127833 1,822749 1,3751168 1,0828915 0,93558973 0,7090555 0,3266304 5
3,0021505 1,8562164 1,6789886 1,2438024 1,5459405 1,1665149 0,7428879 0,30974188 0
4,4544396 1,6071683 0,9870309 0,7646288 0,6751229 0,5943161 0,60953075 0,32228956 1
4,6187453 2,893296 1,9051609 1,6007876 1,229983 1,0775727 0,6762294 0,25687215 2
4,953765 1,902506 1,3008015 1,0452626 0,99915266 0,89074886 0,94952637 0,42672142 3
4,3462415 1,7843087 1,2484432 1,2123809 0,8718744 0,66285765 0,5662609 0,47366834 4
4,8978696 2,2981293 1,6857628 1,2856227 1,0635167 0,9171034 0,6336865 0,24071576 5
3,4963686 2,105142 2,127579 1,3157451 1,6008886 1,3377981 0,8342728 0,31932023 0
4,9241595 2,8392456 2,1729379 1,6197346 1,119526 0,83793616 0,5700127 0,25131366 1
3,31788 2,853246 1,8189152 1,3634145 1,2068973 0,90503275 0,6816952 0,24792953 2
3,9508488 1,8392885 1,5675392 1,707385 1,4046688 1,1197838 0,9782428 0,3871483 3
4,8974037 1,8472645 1,643881 1,1238152 0,95456326 0,69752175 0,53004366 0,39701542 4
4,857473 2,0754542 1,6608406 1,3187498 1,012341 0,87089723 0,6697277 0,28521755 5
3,4180834 1,6274558 1,4576131 1,3069478 1,2654049 1,4009619 0,80859566 0,3339292 0
4,60876 1,4092983 1,3141714 1,1039548 1,0438426 0,8689062 0,703147 0,346493 1
4,1898017 2,8820963 2,44673 1,6581651 1,3669759 1,0087734 0,65639293 0,23428604 2
4,234198 1,430579 0,99467915 1,0620538 1,0457368 1,2540236 0,97949535 0,4598468 3
4,8465104 2,0867188 1,4236107 1,2254822 1,1093006 0,97431827 0,79442394 0,31450635 4
5,4063277 2,2813895 1,5833851 1,2344135 0,9899013 0,8111886 0,52249825 0,21728477 5
2,7333288 1,9906871 1,5429493 1,2453014 1,6127633 1,1373469 0,8975623 0,34374398 0
4,580817 1,784622 1,2684497 1,0234121 0,8537322 0,8615206 0,6432618 0,30449784 1
3,4017298 2,263041 1,5688788 1,7082512 1,0860455 0,80917525 0,57062405 0,22378716 2
5,1013904 1,4877367 1,1652467 1,1031574 0,9440674 0,81782675 1,0002972 0,48980984 3
4,1454577 2,0887625 1,4328591 1,4511898 1,336465 0,8968232 0,7671629 0,385285 4
5,3102036 2,4430952 1,6532614 1,2067984 0,89317477 0,70381665 0,48292825 0,19991559 5
3,5530248 2,4311454 2,231706 1,7750455 1,3480684 1,1126673 0,8166659 0,285101 0
4,5164332 1,8853453 1,479517 1,1096115 0,91085255 0,77108175 0,68273705 0,39044005 1
4,264555 1,6255647 1,7597414 1,2218899 1,2154329 0,8946702 0,6163215 0,24328534 2
4,3707075 2,325176 1,4948552 1,325947 1,0488492 0,9351242 0,8442586 0,40563056 3
3,754669 2,39266 1,419361 1,4788079 1,3227639 0,960006 0,7904943 0,35010347 4
4,0121193 1,954483 2,0515997 1,4726756 1,3143014 1,1664168 0,8128823 0,29122227 5
3,681447 2,1525588 2,4218972 1,5359224 1,3096156 1,0255287 0,7717364 0,28742445 0
4,657379 1,8615708 1,3043247 0,99457383 0,8026313 0,6939762 0,60029966 0,3693433 1
4,0815835 2,8642411 1,5847633 1,38393 1,0596902 0,842252 0,6178123 0,24051066 2
4,1834383 1,5816845 1,2745659 1,4886795 1,1380998 0,88276017 0,9407931 0,5203063 3
5,3614273 2,3038511 1,4598993 1,2400028 1,0239682 0,7264117 0,5259383 0,2799691 4
3,7664487 2,3682725 1,6078409 1,4253478 1,225794 0,9550055 0,80941385 0,30955997 5
4,052824 2,4340756 2,0594158 1,7522298 1,2891955 1,0122352 0,74320376 0,26591334 0
4,348541 1,7733034 1,7006778 1,6778853 1,0075853 0,8436534 0,6697069 0,28592917 1
3,3918262 1,324338 1,7086282 1,6653435 1,1537045 0,8215949 0,59118026 0,24434847 2
4,673196 1,8962654 1,277866 1,0108674 0,9755019 0,8427893 1,0478077 0,44810557 3
3,8234327 1,4839824 1,7082212 1,1661353 1,4451494 0,7998785 0,6809593 0,3176481 4
4,854296 2,951171 1,7964473 1,4292051 1,0982234 0,85193264 0,57046425 0,22504902 5
3,4650424 2,1899996 2,314438 1,6945686 1,3489233 1,048331 0,78962034 0,28633884 0
3,6306236 1,6820709 1,3146176 1,2539688 0,92918146 0,81312025 0,7364422 0,4470311 1
4,9242954 2,439687 1,4214916 1,1776841 0,9491992 0,83355725 0,6058574 0,21323301 2
5,129635 1,7824516 1,2394916 1,3745605 1,0161793 0,91374654 0,7772779 0,41736495 3
4,7247186 1,8822554 1,2580048 1,2632599 1,0616626 0,8026337 0,6893204 0,38425243 4
3,6821175 1,6781477 2,0357044 1,4877882 1,3609234 1,2763557 0,81667584 0,316135 5
3,981675 2,7354221 1,9439572 1,6572399 1,185763 0,92956144 0,6454609 0,24627845 0
5,1854362 2,049352 1,243615 1,1467603 0,8005637 0,6651932 0,5807164 0,31202453 1
3,7337742 3,1739488 1,4152596 1,4274411 1,1462789 0,8153107 0,52849424 0,18685633 2
4,8978357 2,004774 1,6196735 1,2604178 1,0387392 0,72902995 0,569485 0,35953584 3
4,0767384 2,164674 1,6148493 1,5148371 1,1777924 0,83035624 0,8005537 0,48754835 4
5,2328925 2,4396255 1,6801002 1,4426873 1,2077422 0,89759874 0,5650351 0,20540307 5
3,550593 2,021449 2,1440945 1,7398509 1,3201532 1,2272923 0,7852733 0,3058177 0
4,1167526 1,524354 1,1674806 1,2929356 1,1524383 1,2983835 0,91722953 0,39109316 1
4,8890686 2,701323 1,8328862 1,2525843 0,94916755 0,78688085 0,5181397 0,19418265 2
4,3923755 2,1046016 1,4090314 1,2320218 0,9069471 0,7100372 0,8472895 0,49785104 3
5,2034225 2,1665645 1,5293117 1,1393957 0,9199775 0,78201425 0,59274745 0,2903633 4
4,7483535 2,7671914 1,7481036 1,447657 1,1121619 0,820492 0,62871647 0,28431877 5
3,443497 2,3435335 2,6911654 1,6922382 1,2240012 1,1482215 0,72519636 0,25569642 0
4,796811 2,0751574 1,6544482 1,3063644 1,0694335 0,84392893 0,7134162 0,3075225 1
4,009556 2,2920847 1,9828815 1,7226495 1,1955416 1,001457 0,6995877 0,2901923 2
4,093149 1,9125497 1,3410171 1,1759688 0,9369436 0,79939336 0,95192754 0,42986566 3
2,8494215 2,5708363 2,0687644 1,7894788 1,4334654 1,0206765 0,72076917 0,31816295 4
4,780549 2,8554823 1,6661897 1,4064447 1,1134136 0,815879 0,5804309 0,24944928 5
3,3808243 2,265304 2,5874932 1,5803013 1,2205272 1,0971127 0,7293419 0,25806165 0
4,4516335 1,8519037 1,6286081 1,9009728 1,2358986 1,001378 0,7340045 0,31304315 1
4,5223823 2,7259328 2,1883163 1,5397359 1,1945994 0,9396814 0,66716504 0,27106795 2
4,6046367 1,3858614 1,051715 1,1120231 0,9719771 0,83267725 1,132832 0,45608085 3
4,0078387 2,1447604 1,4720284 1,4166727 1,2096872 1,013455 0,82286894 0,38945523 4
4,8928494 2,7763038 1,5700303 1,2700742 0,966369 0,76260525 0,59606 0,2570289 5
3,4928064 2,1138055 2,1252444 1,7086496 1,2426792 1,1488746 0,78458107 0,28907725 0
3,4058716 2,342814 1,273542 1,867346 1,4545729 0,9421335 0,84345883 0,33257952 1
4,707777 2,4373405 2,0198393 1,58472 1,1968058 0,8578725 0,6004217 0,273659 2
4,5965014 1,401526 1,1387156 1,078166 0,9365575 0,8117749 1,145451 0,4961302 3
5,2210035 2,3246622 1,6398696 1,1305931 0,8276095 0,62328726 0,4381062 0,24054278 4
5,4687934 2,6814964 1,4812795 1,1785921 0,8136061 0,59893996 0,42398605 0,23025703 5
3,0583467 2,3838568 2,7339919 1,5279765 1,3244348 1,1196847 0,78084356 0,2848487 0
4,303883 2,2338367 1,3857119 1,0889407 0,9339304 0,80896074 0,8879251 0,3769874 1
2,7460616 2,352526 2,0325449 1,57385 1,1148856 0,9698904 0,6376727 0,2763725 2
4,618671 1,2905093 0,9253243 0,9366718 0,7983868 0,83770144 1,1286213 0,47684512 3
4,512663 2,2144072 1,8160665 1,4117174 1,4609772 1,1266828 0,8307263 0,32213256 4
4,64059 2,7147458 1,7248122 1,3200791 1,015607 0,7807954 0,6846625 0,29344544 5
3,9471607 1,5281639 1,6163867 1,9758767 1,4211648 1,0684704 0,7611827 0,30267435 0
4,2377877 2,0380208 1,841945 1,3343172 1,165718 1,1316259 0,8033708 0,35270688 1
4,274181 2,428825 1,9716895 1,7561766 1,1745818 1,0213633 0,70554954 0,3002279 2
4,7086377 2,3440957 1,4770306 1,0980239 0,80540645 0,6591133 0,8064414 0,45562583 3
4,4054346 1,7952336 1,5481805 1,429216 1,1284435 0,87528014 0,6817768 0,45693344 4
3,5001316 2,575384 1,7717594 1,2638053 1,0843917 0,8546071 0,7724183 0,35076374 5
3,808894 2,8826914 1,9793206 1,4781663 1,325061 0,91696095 0,61846155 0,20897654 0
4,38449 1,8175946 1,1687596 1,272631 0,96094793 0,8069792 0,72131294 0,32093742 1
3,4574873 2,208447 2,0373952 1,4766845 1,1670661 1,0070952 0,66961944 0,2591761 2
3,556711 1,346689 1,1144189 1,017144 1,1124494 1,0052904 1,0542779 0,4488632 3
4,0757875 2,1957836 1,3591398 1,2939255 0,9891707 0,79335815 0,6644527 0,5202919 4
4,0975595 2,0101833 1,435662 1,5557619 1,2184188 1,0732831 0,9238246 0,4056268 5
3,1243021 1,9159238 2,2515087 1,9752672 1,5738461 1,3000869 0,81168944 0,30554047 0
5,141259 2,0610995 1,491917 1,2679139 0,9606878 0,83969796 0,63810325 0,3007906 1
4,06321 3,0285635 1,8796791 1,7018056 1,0938604 0,9486002 0,6961084 0,31477273 2
4,959306 2,2682207 1,355195 1,1734166 0,8879138 0,8020548 0,91557664 0,44652665 3
4,2995563 2,3578398 1,6425779 1,4855763 1,1326241 0,8627605 0,7327841 0,38543144 4
3,8577654 2,0350683 1,4872518 1,3783215 1,1958361 1,0950037 0,94226396 0,39885285 5
3,7258327 1,9133607 2,376836 1,765609 1,2764845 1,0399185 0,7607854 0,27800307 0
4,147647 2,2565393 1,1415232 1,3703858 0,9071438 0,80957425 0,80265504 0,41532 1
4,633675 2,095007 1,8882781 1,3294687 1,2371461 1,1183641 0,75848264 0,31780815 2
3,7762504 1,5148225 1,3137641 1,1619251 1,0269591 1,1542377 1,2792368 0,44862074 3
4,6968694 2,042519 1,4381043 1,3136393 1,033994 0,7854627 0,59896564 0,4122906 4
4,6763496 2,1597023 1,5952306 1,4825968 1,1443756 1,073798 0,8435872 0,37851536 5
4,620936 2,362042 1,9377754 1,513287 1,3353167 0,97079396 0,6550452 0,23669633 0
4,5738077 1,9312449 1,4951133 1,2905502 1,0669106 0,9018299 0,7559316 0,32746083 1
4,34942 1,8829703 1,778375 1,8239409 1,177997 1,021981 0,6633051 0,2606948 2
4,854458 2,3275685 1,3370497 1,2252908 0,9036261 0,79217076 0,915148 0,451397 3
3,3752363 2,2315714 1,5146093 1,4399644 1,2562265 1,0157263 0,7418645 0,4409501 4
3,8071296 2,343072 1,8224573 1,2449926 1,2069149 1,0903934 0,954396 0,39669344 5
3,5760827 2,395496 2,385305 1,7121043 1,4052666 1,1177014 0,7852407 0,2694662 0
4,496219 1,4829375 0,88518167 0,9658836 0,71683496 0,6638283 0,66547346 0,32656527 1
5,102385 2,4109075 1,6620401 1,132818 0,8680108 0,6693347 0,47304606 0,18292642 2
4,909993 2,2544699 1,3750691 1,279405 0,8591957 0,78895426 0,8884607 0,4388258 3
3,6558945 1,5881078 1,3660673 1,4215723 1,2191696 0,9950082 0,82509315 0,4741666 4
3,6658828 2,3822517 1,8702581 1,7713139 1,2907996 1,1165004 0,8051048 0,3693764 5
3,0872016 2,3900597 2,4401083 1,7680416 1,5437505 1,1620831 0,8291571 0,29607314 0
4,217141 2,0310106 1,3987265 1,5266129 1,0914055 0,8822234 0,7867078 0,35441607 1
4,1867948 1,7939501 1,8994687 1,4342476 1,0321176 0,8905982 0,76768875 0,45286155 2
4,671563 1,3506818 0,9506434 1,0797251 0,95827246 0,91180784 0,9535203 0,47638226 3
3,9284382 1,4909028 1,4323012 1,3123895 1,134464 0,9765069 0,812735 0,5053627 4
3,3985064 2,357984 1,7886232 1,7669973 1,3067716 1,175511 0,83135694 0,36989868 5
3,5376973 2,2441757 2,2989283 1,8437856 1,351573 1,3068912 0,7909094 0,27780014 0
4,89297 2,1797671 1,8768668 1,4631237 1,0739292 0,8547588 0,60489106 0,29802182 1
3,8449533 1,838533 2,1773438 1,2422775 1,1352088 0,8178086 0,56649244 0,23602559 2
3,7208545 2,4741118 2,0813959 1,8162154 1,0532372 0,82885313 0,7486989 0,36188433 3
4,398842 1,8069986 1,5408032 1,4392271 1,1231498 0,87917477 0,681506 0,45893607 4
2,9943411 2,2628524 1,6768781 1,669124 1,4246546 1,3000656 0,8769787 0,39938456 5
4,2897654 2,9161022 1,8093166 1,4821432 1,2281556 0,8965747 0,62219226 0,21604733 0
4,196868 2,393919 1,4775453 1,3642024 1,1538662 0,99817866 0,7956634 0,34377435 1
3,8198993 1,2386438 1,6726391 1,9549496 0,9902061 0,92556375 0,68127626 0,29392004 2
5,254247 1,6092993 1,0381668 1,0273242 0,88197756 0,7289818 0,7525517 0,3941497 3
4,00042 2,0564091 1,4455987 1,3546222 1,0299093 0,8300231 0,6508257 0,46486294 4
3,279806 2,36051 1,7715929 1,6069577 1,1580086 1,0247172 0,77114475 0,3845569 5
3,467464 2,3659918 2,429292 1,6330049 1,5046136 1,2066213 0,7860046 0,2791078 0
3,8296413 1,864665 1,3187139 1,5338768 1,1721478 1,1272557 0,89108163 0,3967358 1
4,6274567 1,841262 1,804673 1,4599427 1,153234 0,9937651 0,73148906 0,33199677 2
4,6497183 1,6088357 1,2725761 1,1144191 1,014393 0,8999969 0,871463 0,38799074 3
4,3390303 1,6178459 1,3607678 1,3807269 1,1133351 0,893017 0,70048064 0,43610203 4
3,5399065 2,2761014 1,4380108 1,2772601 1,1381828 1,0908446 0,91695935 0,41562104 5
3,4669254 2,5211346 2,5575242 1,6731285 1,45308 1,253664 0,77927613 0,28107694 0
4,4228005 1,5586411 1,2312558 1,0387671 1,0206363 0,927813 0,7119364 0,33711764 1
4,404563 2,653417 1,5151166 1,6767468 0,997351 0,8335974 0,57613426 0,26549494 2
4,981185 1,739091 1,2816365 0,96341205 0,8155944 0,7401314 0,9146137 0,38483632 3
4,2207317 2,8106725 1,5968194 1,5509524 1,0403831 0,78636026 0,55886555 0,37125972 4
3,4767702 1,8234676 1,5551467 1,5360206 1,2178888 1,0921193 0,9233071 0,44483685 5
3,1149135 2,005623 2,0363717 1,7020764 1,6173698 1,2796437 0,8206092 0,304811 0
4,475702 1,922917 1,2157679 1,0039728 0,76722515 0,6323208 0,6983821 0,44253063 1
2,730429 2,248222 1,1061947 1,1734793 0,8043872 0,6578293 0,46930155 0,19796728 2
4,322668 1,5760161 0,96375746 0,9465037 0,80835354 0,79537046 1,0133878 0,47901306 3
3,6677659 2,2748897 1,8409649 1,6724637 1,3047677 1,0422137 0,6988283 0,34326956 4
4,0443945 2,2364426 1,5938187 1,3824885 1,218994 1,0581436 0,8345162 0,37560618 5
3,3427353 2,6772428 2,3235588 1,5959073 1,451046 1,0623233 0,6941772 0,2444326 0
4,3117256 1,8605567 1,8750653 1,296762 1,0551733 0,86286354 0,6561363 0,33523297 1
5,0076985 2,4481325 1,8169537 1,444367 1,093642 0,81776494 0,5907449 0,2667339 2
4,554444 2,116751 1,3927888 1,336892 1,1091278 0,9608792 0,92907345 0,39039466 3
4,474794 2,4625983 1,517771 1,382624 1,1769854 0,89780486 0,6785169 0,34827814 4
4,394953 1,867909 1,4179368 1,2651651 1,0297304 1,071281 0,8410053 0,4046874 5
3,45717 2,4337313 2,2567463 1,5839907 1,3938044 1,2778795 0,7903382 0,28622678 0
4,033637 2,1954634 1,6951107 1,1990955 1,0308071 0,8709888 0,7618974 0,36859602 1
4,1585793 2,486308 2,185892 1,5220897 1,2580959 1,0008147 0,65932477 0,2954772 2
3,6478167 1,6208857 1,3627666 1,6286674 1,1556833 0,99109876 1,054416 0,4623913 3
4,210509 2,1805358 1,5348333 1,5546594 1,2330788 0,93484026 0,67654675 0,38117826 4
4,60034 2,1574407 1,2062868 0,98962307 0,99678004 0,97191614 0,88299465 0,3450685 5
3,398217 2,0520065 2,0617435 1,6650008 1,400489 1,1461618 0,8495736 0,32077524 0
4,569241 1,7359834 1,1670799 1,0702727 0,8973431 0,7792108 0,6225851 0,35866597 1
4,1226244 2,656626 2,0044918 1,5460747 1,0717572 0,91629213 0,6900551 0,35749424 2
4,4895725 2,0249298 1,5080495 1,306028 1,0703243 0,8776429 0,74564165 0,4350115 3
4,4529905 2,196653 1,5794886 1,289198 1,1187912 0,82367903 0,62431 0,37000126 4
4,399058 2,0656025 1,7035611 1,1955928 1,0152447 0,91287977 0,7894867 0,35405365 5
2,9861064 3,081714 2,040478 1,7481585 1,3514265 0,99750215 0,7725529 0,2759939 0
5,0993314 1,9737773 1,1729774 0,9638813 0,74812645 0,69703275 0,56114787 0,46012682 1
3,6262116 2,3229992 1,7944505 1,4396012 0,97812647 0,9829349 0,6506391 0,2891629 2
5,345664 2,4620695 1,4697626 1,2355936 0,92978895 0,78358936 0,6165706 0,249742 3
3,3869452 1,6753774 1,6630521 1,5406007 1,4446273 1,0486045 0,8348866 0,4340608 4
4,7209616 2,3912354 1,7227937 1,2472672 0,9580779 0,74835986 0,6064272 0,3688513 5
3,967299 3,4885445 2,1854331 1,7037854 1,3238881 0,9355436 0,62343574 0,22186016 0
4,339546 1,4525102 1,2150301 1,201435 1,1255151 0,996845 0,7218005 0,4028453 1
4,512838 1,9989576 1,9745603 1,6916724 1,2136096 1,05116 0,7093754 0,27411544 2
4,3867464 2,1353145 1,4101323 1,2038462 1,031063 0,9129496 0,7805987 0,37648866 3
3,3633661 1,658548 1,6719606 1,5507476 1,4348 1,0619919 0,84023595 0,43416718 4
3,4789436 2,097185 1,6590197 1,5168717 1,3146367 1,1082063 0,8172295 0,40570596 5
3,7937305 4,1400514 1,844874 1,7638808 1,2811365 0,91310626 0,5731611 0,19913372 0
5,410369 2,0995066 1,3935232 1,2528596 0,9304229 0,8606866 0,66382957 0,2781999 1
4,178792 2,9039235 1,7726777 1,3638304 1,1097426 0,81814927 0,60462725 0,25768363 2
4,2844605 1,6987684 1,389142 1,277855 1,1082417 1,067996 0,90510345 0,41866758 3
4,0888767 1,9826418 1,4385542 1,2372851 0,95504254 0,7915547 0,7086584 0,59076655 4
4,0453086 1,7965002 1,430229 1,3176777 1,0321287 1,005949 0,8618762 0,34648827 5
3,4721322 3,1153104 1,9333903 1,4540577 1,259558 0,906987 0,6531251 0,23589316 0
4,641054 1,5934958 1,2174027 1,0912275 0,8588246 0,76068807 0,7795848 0,41173995 1
4,5519876 2,7466588 1,8056287 1,3033046 1,0785204 0,86395705 0,57279795 0,21147218 2
5,099385 1,9755536 1,3635626 1,019068 0,85671663 0,7079645 0,7051119 0,3198034 3
4,037771 1,6899929 1,5104555 1,3658926 1,2844102 1,1282533 0,8330761 0,486347 4
3,855674 2,3359742 2,168827 1,3578157 1,2387131 1,0027192 0,78850037 0,29942685 5
3,0941806 3,049734 1,8110626 1,2438947 1,2647643 0,95544344 0,76372975 0,2850152 0
4,3551283 1,3707005 1,23769 1,2451061 0,946555 0,8666734 0,79110295 0,44988543 1
4,4263134 2,2313178 1,6209605 1,2626511 1,1277099 1,0281054 0,6883527 0,28590244 2
3,732768 1,8345919 1,7341992 1,4103765 1,3081717 1,0662612 0,9088273 0,44478047 3
3,8193212 2,1970456 1,6821685 1,6472498 1,2504354 0,8833345 0,65141094 0,40635797 4
4,496271 1,5995795 1,3267034 1,1381673 1,0024043 1,007023 0,83443767 0,38765505 5
3,954441 3,035399 2,0021343 1,5059946 1,2690938 0,95227575 0,7420426 0,25831094 0
4,83061 1,7349674 1,229708 1,0401067 0,8533844 0,67444116 0,58623594 0,3224447 1
3,8231924 3,3173032 1,9751695 1,3553164 1,1471246 0,9047024 0,5680969 0,207435 2
4,2740073 1,74843 1,1128325 0,932304 0,82954746 0,8190793 0,8611789 0,4423327 3
3,5439794 1,4964174 1,3878002 1,4161584 1,3880217 1,0794314 0,814522 0,4581064 4
5,5648184 2,1855466 1,4703517 1,1994495 1,0155509 0,83913684 0,6008662 0,2625995 5
2,9067826 3,145532 1,9561371 1,4291644 1,2179017 0,99763626 0,6688473 0,26350665 0
4,6644344 1,4071523 1,0459105 1,1039013 0,79861784 0,80934167 0,7500309 0,36484158 1
3,3908713 2,7570481 2,0345812 1,6310294 1,3360211 1,0579692 0,8806609 0,3205994 2
4,6706686 1,9121865 1,3570243 1,1520858 1,0080266 0,94989884 0,9610646 0,42925718 3
4,430268 1,8761674 1,5589952 1,4145366 0,9903666 0,86203516 0,6431021 0,3827759 4
4,178095 1,650638 1,2769233 1,3188753 1,0707711 0,9782453 0,8878039 0,4144997 5
3,0227249 2,2756035 1,9980911 1,3890637 1,3456136 1,0962862 0,8758267 0,33110023 0
2,9036736 1,7517673 1,5521388 1,5586832 1,0253491 0,9108714 0,77493906 0,5138008 1
4,3142657 2,2483988 1,7562698 1,4597476 1,2414109 0,9730432 0,6199291 0,2359466 2
4,2188773 1,7871227 1,2970546 1,9912091 1,5021813 1,1110111 0,8829319 0,37753382 3
3,783457 1,4775891 1,4924814 1,3668891 1,2629336 1,1136456 0,84307826 0,48854685 4
4,3019004 1,9410627 1,4813886 1,4579363 1,1629487 1,0811778 0,94596726 0,4138445 5
2,9454412 3,0311298 2,237526 1,5168188 1,3229576 1,0804063 0,81492186 0,2808978 0
3,5433426 1,5235895 1,2949423 1,026398 1,0210432 0,80080265 0,67845356 0,31474665 1
4,115159 2,5266466 1,7788593 1,4354433 1,2025673 0,89352864 0,6777922 0,2724088 2
4,4406824 1,7855535 1,0870079 0,7841233 0,67474085 0,6698382 0,9547247 0,40430102 3
4,0488825 1,547138 1,3326877 1,2542821 1,09853 0,92886996 0,78221977 0,4396773 4
3,991054 1,375328 1,1748874 1,1442273 1,2005088 1,020737 0,8449649 0,39704284 5
3,4085405 2,0921144 1,6308287 1,5091379 1,1446593 0,98498595 0,8451157 0,33808824 0
4,016136 2,0988426 1,7193336 1,5936524 1,1296679 0,88211715 0,6088382 0,3690277 1
4,333141 2,0304556 1,9645693 1,4845829 1,1287775 0,8985985 0,72714525 0,29350695 2
4,8773017 1,9740417 1,4175218 1,1353713 0,92572236 0,7835988 0,6874083 0,34410885 3
4,191764 1,9215999 1,3452499 1,2782061 0,9234031 0,7398281 0,5690492 0,4552124 4
4,0601482 2,0628512 1,4095615 1,1826036 1,1737412 1,2117974 0,9359022 0,3898192 5
2,9677875 3,1384315 1,5998943 1,7303265 1,3990269 1,032489 0,775421 0,28378862 0
4,326325 1,9741669 2,035407 1,69422 1,0468185 0,89979106 0,5760268 0,37416843 1
3,157507 2,569446 1,9773278 1,8603226 1,1649913 0,9108674 0,62691677 0,24984242 2
4,373248 1,6822733 1,1381803 1,0030961 1,0927092 1,2869307 1,0296211 0,4473481 3
3,758994 1,7898089 1,6923289 1,2518936 1,1871988 0,94437516 0,8254662 0,3289107 4
4,4456844 1,7746551 1,2176741 1,1499037 0,948302 0,9437983 0,84721565 0,4378723 5
3,0393426 3,0049856 1,7398767 1,5295988 1,3722961 1,0415287 0,82333267 0,3022039 0
4,1542864 1,8270026 1,7017255 1,5208989 1,0705298 0,8926731 0,7670614 0,37369636 1
4,0875936 2,0538259 1,6591456 1,6565654 1,2034011 1,1124436 0,83915627 0,3336291 2
4,245689 2,0532556 1,2942644 1,0800012 1,1583066 1,2045722 1,0410087 0,39791757 3
3,8882766 2,649942 1,8578721 1,7528981 1,2138543 0,9553562 0,64430416 0,28553382 4
3,7766259 1,6565611 1,2939267 1,2623382 1,2437954 1,263225 0,9439586 0,42794365 5
2,7296193 1,7610073 1,8838919 1,8199606 1,4669842 1,371199 0,8592251 0,3204951 0
4,6006527 1,6342378 1,0920509 1,0001985 0,7820285 0,71511406 0,60383195 0,33600795 1
3,474087 3,0522168 2,2664533 1,6338934 1,1701216 1,0491083 0,64567465 0,26069924 2
4,034738 1,667347 1,1581419 1,0967424 1,2187941 1,2853158 1,1000395 0,42794445 3
3,889452 2,0790572 1,4171382 1,3557312 1,0698413 0,9317493 0,7698849 0,44944653 4
4,22026 2,2811997 1,6009222 1,3747841 1,1480654 1,0292729 0,85870975 0,415074 5
2,7676334 2,482706 2,243985 1,5432335 1,1535208 0,98473245 0,6268494 0,23040928 0
5,038568 1,8102726 1,6924338 1,4557611 1,1224456 0,85911304 0,6046886 0,26184544 1
3,6151993 1,7253627 1,2838502 1,3390301 1,3255951 1,013307 0,7183657 0,30731085 2
3,9087045 1,8009325 1,3202741 1,1196969 1,1086811 1,0128984 1,0822638 0,45915315 3
5,0659823 1,5237253 1,169523 1,0479037 0,8632346 0,70922786 0,5896609 0,31640428 4
3,9679813 1,5137794 1,2951466 1,3377669 1,3101912 1,2063991 0,919796 0,43224418 5
2,9721675 2,0654807 2,6017141 1,6513832 1,1610523 1,1646467 0,7461569 0,2799932 0
3,0111554 1,9661285 1,6611526 1,466937 1,1998433 1,1792386 0,92119277 0,43240926 1
4,452233 2,1089783 1,9111981 1,4524572 1,2517756 1,0156764 0,6289632 0,22546458 2
4,3391757 1,8138721 1,1853391 0,99584097 1,1325059 1,0858147 1,0343858 0,4342422 3
4,1396484 1,7820684 1,0744119 1,2127173 0,94322366 0,9268078 0,73241323 0,42247343 4
4,045485 2,1150124 1,6446412 1,4093534 1,4162238 1,0336949 0,7226843 0,28073835 5
2,9033155 2,5502183 1,8614424 1,6528788 1,4477413 1,0745188 0,7189623 0,26416624 0
4,016136 2,0988426 1,7193336 1,5936524 1,1296679 0,88211715 0,6088382 0,3690277 1
3,7355402 3,14891 2,0059433 1,4530298 1,1576279 0,9651471 0,6012903 0,2173363 2
4,222514 2,117563 1,2861812 1,0964493 0,9811865 0,98163867 0,9354758 0,3864447 3
4,286833 2,167148 1,5860541 1,3300219 1,1003448 0,899564 0,6640125 0,37949064 4
4,162104 3,0813982 1,5806552 1,2118886 0,94376636 0,88473076 0,8026497 0,29005402 5
3,3614185 2,2042234 2,0660882 1,5049511 1,4846817 1,260474 0,92462665 0,3473429 0
4,664842 2,2233336 1,8084059 1,4434737 1,0735463 0,9052627 0,6980139 0,3319548 1
3,5641875 2,2122433 2,258433 1,7737796 1,0536954 0,95452404 0,6395464 0,26149878 2
4,1904063 1,7661177 1,5296654 1,2265464 0,9339995 0,84655744 0,87167567 0,4436258 3
4,312132 2,1569061 1,5969975 1,3307983 1,1005348 0,90035164 0,664677 0,35996097 4
3,769428 1,8068172 1,8147211 1,5313858 1,1614101 1,3241509 0,87416565 0,37248313 5
3,375237 2,9331849 2,3478813 1,7438971 1,353035 1,1514981 0,7365428 0,2616708 0
5,0091753 1,7838547 1,5488145 1,0080545 0,80039304 0,6183032 0,4993769 0,37519875 1
4,427366 2,4279478 1,6584495 1,3622098 1,2444396 0,9730344 0,7659035 0,3285794 2
3,9662666 1,6895784 1,2846642 1,2950072 0,9145477 0,8286655 0,8558466 0,45629963 3
4,3079505 1,9171141 1,4129239 1,3011576 1,1456206 0,9306954 0,677385 0,40095422 4
3,990111 1,694751 1,5100996 1,0512772 0,98260736 0,9668688 0,8963391 0,4361724 5
3,6392193 2,1348681 1,749607 1,5430236 1,2457182 1,1477996 0,8194617 0,32421392 0
5,0194163 2,5518258 1,4878561 1,1059355 0,8200286 0,6333251 0,50367206 0,2998047 1
3,9134974 2,4625113 1,9900515 1,4915946 1,227564 1,0625416 0,7313912 0,29692867 2
3,9707162 1,6648678 1,3085687 1,1569089 0,9679054 0,9141727 0,88560086 0,4735698 3
4,496668 1,3057902 1,1624984 1,0491647 1,2142618 0,9158431 0,7327127 0,504224 4
3,7847683 2,3204217 1,7008225 1,3595319 1,3491812 1,1699159 0,8472819 0,30537874 5
3,499235 2,101826 2,0606618 1,5413357 1,257406 1,3070425 0,8624575 0,35194093 0
4,93433 1,958335 1,3322759 0,94686776 0,7138142 0,5837579 0,5491095 0,37654218 1
2,6845279 2,3619797 1,8991013 1,2239026 0,97383326 0,85176015 0,58929867 0,2681323 2
3,948613 1,689488 1,3132327 1,1049324 0,9516284 0,8516568 0,8678206 0,49679103 3
4,1935368 2,5313563 1,5914192 1,508493 1,10229 0,78515124 0,5637019 0,28732014 4
5,1194034 2,2915275 1,829896 1,5775214 1,2260839 0,91758454 0,69597405 0,32999456 5
4,3162527 2,7172499 2,6908762 1,360317 1,2346336 0,95555234 0,6482658 0,23752281 0
5,151359 2,2850778 1,5608325 1,1874751 0,8540427 0,6713535 0,4995019 0,22280374 1
5,069835 1,873882 1,3290882 1,0787795 0,99527144 0,7805048 0,622121 0,315497 2
4,0968285 1,6987982 1,3000381 1,1160235 0,89449084 0,8057055 0,7980587 0,47469527 3
4,5582533 2,0184963 1,4659015 1,2242368 0,91221464 0,7714795 0,62879294 0,38698876 4
5,206342 2,4434595 1,876683 1,3307021 1,0794705 0,8109956 0,542128 0,2439212 5
4,866382 2,5457528 1,5969474 1,4764555 1,1075914 0,89805377 0,6130771 0,23095223 0
4,943115 2,0218055 1,4711435 1,1242309 0,83726144 0,66303027 0,5385835 0,33136535 1
4,5513525 2,7461653 1,8057698 1,3029671 1,0781307 0,86292773 0,5732791 0,21162945 2
4,007765 1,3865508 1,067126 0,9936287 0,83247304 0,76076186 0,81382126 0,53082436 3
4,001741 1,5411116 1,2167834 1,1625922 1,0558177 0,89906555 0,72054875 0,5706554 4
4,7060094 2,1969228 1,7784542 1,3399106 0,95657074 0,79918855 0,57668674 0,3955285 5
4,287377 2,1533024 1,7530603 1,3340293 1,340756 1,2281582 0,84306747 0,38906866 0
5,5134244 2,1312726 1,5706728 1,2074034 0,9160181 0,6945157 0,5208461 0,3170988 1
4,5940723 2,0145473 1,5472873 1,131009 0,9153406 0,7238886 0,5466098 0,29350248 2
4,1084175 1,6987628 1,282887 1,1300389 0,9749631 0,86348087 0,88602555 0,4378057 3
4,382543 1,4497834 0,97243375 0,94800454 0,86435515 0,7274271 0,6227099 0,4638732 4
3,8982763 2,7229688 1,8838866 1,4713858 1,0901603 0,89585876 0,6269042 0,31216618 5
3,783602 1,8320571 1,81483 1,5654656 1,4015017 1,3077943 0,8404674 0,3224646 0
5,506189 1,8816439 1,5051697 1,1713904 0,96550846 0,68658054 0,520781 0,3811143 1
4,425383 2,230213 1,6208705 1,2624292 1,1286876 1,027784 0,68800545 0,2847227 2
3,9876115 1,5998373 1,482795 1,2915807 1,0185382 0,89306074 0,82202154 0,4611819 3
2,726897 2,252765 1,315357 1,7192684 1,2899219 0,9626781 0,7111327 0,36069137 4
3,7031856 1,6506903 1,3172692 1,176069 1,024292 1,0836532 0,93351555 0,4895446 5
3,0495875 1,464141 1,9637456 1,6921457 1,0915452 1,01135 0,98944455 0,34755006 0
4,9383106 2,066252 1,6728876 1,3486907 1,0385159 0,8597828 0,62019914 0,4501952 1
3,9415042 1,9821624 1,8280994 1,5487099 1,3643105 0,96542686 0,70625055 0,28132525 2
4,2099366 1,6596735 1,279904 1,1015338 0,85455525 0,81759745 0,84403074 0,50919145 3
3,847674 1,9596821 1,3543987 1,3862153 0,986431 0,7013186 0,5706605 0,39106187 4
3,5737462 2,2479444 1,4225684 1,4384648 1,1704798 1,2243695 0,84962195 0,39188978 5
2,4959686 2,4236624 2,295784 1,0919058 1,0742173 1,0224979 0,6528681 0,25260422 0
4,8541074 2,1430857 1,474892 1,3745267 1,0611087 0,92648965 0,6943719 0,26849598 1
3,8221743 3,3181105 1,9750801 1,3543246 1,1469274 0,9043573 0,56832004 0,20381965 2
3,973212 1,5231572 1,2290465 1,1063579 0,8874678 0,8381339 0,8546973 0,48637894 3
3,8713825 1,6258488 1,2041295 1,1155607 1,0772768 0,7804059 0,61627674 0,4516493 4
4,3046484 2,5774047 2,2961679 1,7357515 1,3145176 1,0568986 0,70054024 0,2880049 5
3,4696302 1,9075911 1,6465511 1,5148928 1,2169735 1,1192524 0,86797297 0,31541103 0
5,6264224 1,7614415 1,1473094 0,9535337 0,7842889 0,7519587 0,57042545 0,28493792 1
4,7174163 1,6045362 1,443118 1,2378575 1,0199003 0,8537394 0,65240836 0,38186657 2
3,794954 1,7177433 1,4180509 1,2499604 0,9376755 0,83966243 0,819624 0,4536113 3
4,3944016 1,8089691 1,0674834 0,8890255 0,73054874 0,63958776 0,57147646 0,41372055 4
4,3555017 2,0371063 1,3273772 1,2891767 0,94614923 0,8942746 0,8087157 0,4519328 5
3,1721447 2,1862884 1,6481853 1,4012245 1,5604388 1,1321282 0,7934059 0,32441646 0
5,3274355 1,8834147 1,2377311 0,9547588 0,7559376 0,6495753 0,55994827 0,24392912 1
3,318144 2,5351598 1,8148726 1,2794032 1,1744199 0,85204226 0,65924823 0,2429268 2
4,4628897 1,7607691 1,272015 0,9953103 0,82883185 0,7761772 0,8451127 0,42605758 3
4,3199944 1,4608623 0,98181766 0,9326258 0,8687266 0,7246146 0,61696243 0,4468935 4
4,091485 1,9994067 1,7035173 1,3384044 1,2965305 1,1289529 0,74723333 0,48001245 5
3,439723 2,0681658 1,5586251 1,578277 1,343939 1,3233122 0,79004306 0,31190345 0
4,847078 2,0947688 1,1121535 0,962137 0,95970863 0,8925302 0,75768584 0,38549623 1
3,3901134 2,7569222 2,0349755 1,6300586 1,3360527 1,0581133 0,8807124 0,3185455 2
4,0975595 2,0101833 1,435662 1,5557619 1,2184188 1,0732831 0,9238246 0,4056268 3
3,3339422 2,188648 1,3274422 1,2087185 1,2384144 0,91109174 0,760417 0,41586912 4
3,8018 2,748242 1,7026553 1,7575923 1,3041595 1,0088484 0,67942876 0,34516364 5
3,3495035 2,2102456 2,1240554 1,6353282 1,3757677 1,2795616 0,89735156 0,32549775 0
5,626315 2,0607219 1,2984406 1,041143 0,8234632 0,6694474 0,58276737 0,27214316 1
4,508903 2,161219 1,5888629 1,2512052 0,88818043 0,72181565 0,47889003 0,20679212 2
4,015991 1,8246915 1,428568 1,2537465 1,2201512 0,9706997 1,0173621 0,43485862 3
4,419102 1,7959622 1,0693635 0,8819158 0,72564775 0,6369779 0,5699459 0,4048062 4
4,724369 2,8157766 1,8518271 1,5121979 1,234789 0,92883855 0,59127736 0,34819856 5
3,2243192 2,4210217 2,1981823 1,696589 1,4000019 1,2451687 0,88549453 0,3456311 0
5,2127943 1,9692825 1,1640283 0,97838724 0,81638944 0,67441136 0,5446513 0,23487459 1
4,3123326 2,2480478 1,755481 1,459738 1,2395581 0,9705322 0,61904013 0,24192825 2
4,2470875 2,2612944 1,4629425 1,308981 1,1567552 1,0377744 1,0045409 0,40964958 3
3,847674 1,9596821 1,3543987 1,3862153 0,986431 0,7013186 0,5706605 0,39106187 4
4,2229424 2,001879 1,8170241 1,5124466 1,3780986 1,2428644 0,8377372 0,40230927 5
4,032456 2,2653096 1,9952221 1,4968323 1,3394194 1,1961198 0,76417065 0,27464285 0
5,348457 1,9571569 1,3201643 1,1694391 0,9539468 0,932271 0,67980814 0,27494395 1
4,4177866 1,8337879 1,4656882 1,2113067 1,0642021 0,92998695 0,71962553 0,35061556 2
4,373248 1,6822733 1,1381803 1,0030961 1,0927092 1,2869307 1,0296211 0,4473481 3
4,4778476 2,154872 1,3741398 1,0397353 0,87208396 0,69641036 0,6512456 0,38790953 4
4,3733234 2,8938687 2,2487454 1,3651031 1,1363678 0,91982985 0,57553065 0,3108621 5
4,1968417 2,578475 1,8853599 1,571651 1,3241427 1,0782784 0,7566581 0,27349308 0
4,486702 1,9617547 1,3619905 1,0757159 0,9862803 0,8892281 0,6451052 0,34273198 1
4,1108723 2,5244873 1,7757347 1,431894 1,2022704 0,8921903 0,67696154 0,26760605 2
4,245689 2,0532556 1,2942644 1,0800012 1,1583066 1,2045722 1,0410087 0,39791757 3
3,7263339 1,5584415 1,5194123 1,1894736 1,1285716 0,86751163 0,676339 0,34075844 4
4,285531 2,5888567 1,448324 1,6390148 1,1024568 0,82854426 0,57817084 0,3665913 5
3,7360988 3,104852 2,3028274 1,4822417 1,1365544 0,9025907 0,55644226 0,19012918 0
3,8724706 2,2099679 1,7556763 1,2953637 0,93399334 0,8742178 0,7628991 0,37105343 1
4,4273005 2,1394796 1,6642675 1,501367 1,1914575 0,9739583 0,69158566 0,34017354 2
4,034738 1,667347 1,1581419 1,0967424 1,2187941 1,2853158 1,1000395 0,42794445 3
3,8933914 2,2513337 1,7747406 2,1981459 1,3354107 1,0521758 0,73292786 0,30659348 4
4,8748975 2,374952 1,7195556 1,2544862 1,0324152 0,7935991 0,5247408 0,25269902 5
3,6282952 2,4186828 2,2643952 1,7121581 1,1539401 0,8892018 0,5707559 0,21865088 0
4,6234446 2,1311224 1,734068 1,1648825 0,9157661 0,70204216 0,5775113 0,2961679 1
4,4097977 2,534697 1,8680474 1,4740192 1,1037086 0,910249 0,655443 0,2676399 2
3,9087045 1,8009325 1,3202741 1,1196969 1,1086811 1,0128984 1,0822638 0,45915315 3
2,998117 1,3547012 1,4148896 0,98683816 1,3145837 1,0468622 0,8309829 0,4717211 4
4,317333 2,200624 1,6395347 1,3575448 1,1933099 1,0933784 0,8162639 0,35124746 5
2,9731061 3,0662012 2,1545475 1,648441 1,2145469 0,9460927 0,613873 0,22178891 0
5,2310977 2,1190095 1,6668389 1,3132961 0,91606873 0,6808334 0,49992496 0,3127864 1
4,3327236 2,0309024 1,9652914 1,4841163 1,1286218 0,8986689 0,7270691 0,29379117 2
4,3391757 1,8138721 1,1853391 0,99584097 1,1325059 1,0858147 1,0343858 0,4342422 3
3,6770859 2,1690197 1,9206713 1,2945397 1,0639665 0,97287625 0,72071844 0,3405971 4
4,211621 1,9394454 1,5411139 1,4450172 1,2087072 1,1081023 0,9058828 0,37797686 5
3,0804775 2,0008457 2,8443444 1,5714808 0,99779665 0,9269713 0,5839653 0,22114734 0
4,479481 2,188036 1,5467472 1,3636628 1,0761538 0,7798149 0,5854492 0,27653518 1
3,4113727 2,0584078 1,8389274 1,520203 1,223045 1,1211119 0,7857852 0,319932 2
4,222514 2,117563 1,2861812 1,0964493 0,9811865 0,98163867 0,9354758 0,3864447 3
4,6143656 2,2410176 1,534472 1,4418111 0,9912337 0,80701375 0,5565645 0,3461693 4
4,3517656 2,5720594 1,7869012 1,3560169 1,0463747 0,9475142 0,80135137 0,33322084 5
4,058901 2,909146 2,365485 1,636833 1,1263094 0,8955633 0,5739273 0,22865042 0
4,49179 1,9061204 1,5692906 1,0139999 0,87786734 0,74715304 0,64556867 0,39281744 1
3,1579878 2,5683353 1,9775244 1,860388 1,16453 0,9115915 0,6271946 0,24730223 2
4,7399282 2,1570003 1,6220527 1,111741 0,8887544 0,8472171 0,9421504 0,37873653 3
3,906403 2,0785894 1,2672518 0,9766831 0,8879625 0,7588083 0,7095417 0,48327568 4
4,4490905 2,3421803 1,8070467 1,4496541 1,0697604 0,8974174 0,7810357 0,37212858 5
2,8336995 1,7822301 2,2004035 1,5224854 1,4061214 1,4805201 0,83977515 0,3300559 0
4,6408105 2,5339472 1,5680999 1,1955056 0,89232093 0,7255398 0,58530194 0,34544355 1
3,4741957 3,0530996 2,2676358 1,6344285 1,1705838 1,049509 0,64540714 0,25962836 2
4,3223276 2,1148489 1,4768169 1,5144486 1,2850944 1,052163 0,9208401 0,39377752 3
3,4661505 2,1977243 1,1903633 1,33267 1,0592183 0,82180536 0,70555705 0,41715908 4
4,848815 2,2162426 1,6612695 1,2611458 1,0574458 0,9047164 0,78902626 0,36549777 5
3,1676915 1,7931409 2,0603967 1,4932503 1,4685067 1,2843308 0,8146624 0,31333506 0
4,9208694 1,9431254 1,3807297 0,9613797 0,6870686 0,58014256 0,5038201 0,39683288 1
3,6151762 1,7242157 1,2818997 1,3371599 1,3249637 1,0120567 0,7163892 0,32211015 2
5,743209 2,0062485 1,3321356 1,0843563 0,84702307 0,68494767 0,57207763 0,2505654 3
4,9500985 1,9623456 1,5186158 1,2472874 1,003718 0,8449008 0,75661975 0,3221964 4
3,7690175 2,4482052 2,2769217 1,4071026 0,99892056 0,87313 0,7723579 0,41314968 5
3,6691744 2,0070207 2,3106332 1,6365108 1,3577026 1,0979283 0,75761336 0,27572975 0
5,1189365 2,2789547 1,5216279 1,1161128 0,8462715 0,6283821 0,4285762 0,28298327 1
4,450033 2,108652 1,9101851 1,4530929 1,2515062 1,0153663 0,6279631 0,22788343 2
4,309834 1,9122273 1,9738923 1,1699159 0,9820607 0,8636667 0,83757544 0,40479276 3
3,875262 1,8640809 1,7553571 1,167174 1,0619419 0,80655336 0,68806845 0,42345878 4
3,8647432 2,8454359 1,561697 1,1269306 0,95668703 0,81616926 0,79717267 0,40549985 5
3,104028 2,076289 2,1886003 1,6330816 1,3700027 1,0766072 0,7910788 0,2996417 0
5,135666 1,9557273 1,3859543 1,021914 0,72261316 0,57153034 0,46538046 0,34555185 1
3,7359285 3,1494699 2,006479 1,4536403 1,157749 0,96536475 0,60143965 0,21574521 2
4,508997 1,821089 1,4750222 1,3979303 1,099666 0,93227935 0,83178294 0,43543988 3
3,906403 2,0785894 1,2672518 0,9766831 0,8879625 0,7588083 0,7095417 0,48327568 4
4,979251 2,2430048 1,5450225 1,3396108 1,1457167 0,9608461 0,71982926 0,3250999 5
4,328748 2,350598 1,8629409 1,8051459 1,1751419 1,0196096 0,7187163 0,25856376 0
5,2883797 2,2204304 1,4562516 1,1551511 0,8188451 0,6561755 0,5005115 0,22979723 1
3,56245 2,2123766 2,2579806 1,7735746 1,0533051 0,95492935 0,6403085 0,25768298 2
4,535544 2,0291665 1,346987 1,1562063 0,96824455 0,87803984 0,85012335 0,37838787 3
3,5423737 1,8430952 1,6314341 1,4502877 1,5186917 1,1732494 0,88538677 0,38839114 4
5,145462 2,277545 1,7873421 1,4399633 1,036706 0,8199894 0,61328477 0,28843477 5
3,0359604 1,8508801 2,4773521 1,8631287 1,2684743 1,1724048 0,75644195 0,26821786 0
4,6986175 2,3683221 1,702709 1,2224662 0,87311333 0,6725135 0,49786004 0,33837265 1
3,7709923 1,9343125 1,9356195 1,4667057 1,010507 0,932586 0,72824514 0,40507856 2
4,7022934 1,7909613 1,2827287 1,0666962 0,8705616 0,7855067 0,75822204 0,38253468 3
4,0829635 1,9488689 1,2024057 1,1923724 1,090047 0,8287034 0,6677575 0,45726505 4
4,725925 2,16105 1,6315447 1,2793466 1,1205479 0,9327081 0,7641134 0,35485986 5
3,468564 2,5125432 2,3783407 1,5973663 1,4327571 1,1315714 0,7761348 0,2958694 0
5,000478 2,166251 1,4851478 1,2003332 0,82049936 0,62439644 0,5673188 0,35755607 1
4,0387177 1,9893382 1,6592284 1,5338275 1,0204422 0,82324195 0,6270544 0,3230122 2
5,56731 1,9807024 1,361852 0,9810175 0,813544 0,742994 0,7315366 0,4190243 3
3,8890774 2,4515152 1,4905511 1,4827425 0,94908637 0,77167785 0,5798308 0,4395017 4
4,7627034 2,1966083 1,6537848 1,3004199 1,0199493 0,8403487 0,679739 0,33083642 5
3,5771437 1,9805949 2,5328622 1,4192713 1,1779584 0,9827874 0,70664966 0,27401304 0
4,3835225 1,8954309 1,557016 1,3423482 0,89424086 0,6951663 0,6233512 0,41503823 1
3,4002674 1,8351706 1,7408799 1,6425428 0,98665196 0,9628797 0,7362583 0,41611418 2
4,7930317 2,0814307 1,5700797 1,1937386 0,9259262 0,8000816 0,7226979 0,31753916 3
4,4827247 2,1579595 1,1829125 1,1185437 0,8286233 0,6767766 0,6539202 0,4507702 4
4,61575 2,2515438 1,6400263 1,3814906 1,0586098 0,90162224 0,7146399 0,35745314 5
3,3306227 2,4514604 2,4177876 1,654525 1,318792 1,1942213 0,78642696 0,2775959 0
3,9574764 1,9851826 1,7800208 1,4890004 1,0066642 0,81319755 0,63834095 0,3258877 1
3,7567093 2,00397 1,8121673 1,2819971 1,1764748 1,0009428 0,6819298 0,29578227 2
4,4066176 2,2104847 1,2429705 1,2067779 0,9284072 0,79699856 0,9291656 0,44428286 3
4,7873635 1,7216254 1,2364161 0,9828467 0,86370933 0,73228425 0,6071055 0,45681056 4
4,620557 2,4625041 1,8062148 1,3831046 1,0995747 0,8692477 0,64885044 0,27191037 5
2,8582816 2,7545013 1,8200301 1,9344816 1,152136 0,9158843 0,6322647 0,22472176 0
3,8841124 2,030954 1,8174913 1,4231074 1,0477668 0,9373864 0,6883716 0,393731 1
3,6448689 1,7826941 1,8698189 1,2979507 1,0238538 0,8793519 0,78407645 0,3763099 2
4,231099 2,0476007 1,465525 1,3643433 1,1214118 0,9435124 0,8255709 0,43722665 3
4,1710863 1,6276132 1,1098938 1,0703758 1,0269167 0,88343805 0,6990822 0,540618 4
4,9770007 1,9805743 1,6475973 1,3629798 1,1431222 0,93117386 0,7371848 0,3468246 5
3,3411098 2,8549676 2,4479654 1,7262098 1,1666504 0,9502995 0,6021886 0,2093381 0
3,9574764 1,9851826 1,7800208 1,4890004 1,0066642 0,81319755 0,63834095 0,3258877 1
3,4450624 1,9668026 1,9505018 1,5344979 0,960479 0,83292675 0,69146854 0,34135053 2
5,1619434 1,7481201 1,1167194 0,914427 0,80207044 0,73482066 0,7309903 0,39452714 3
4,1990395 2,0233757 1,3246232 1,2052655 0,9240692 0,7750625 0,6740388 0,42813903 4
4,711576 2,4214594 1,6753955 1,4229543 1,0101137 0,8385266 0,6103204 0,27065608 5
2,7910244 2,663951 2,0794413 1,9264505 1,4421334 0,9686826 0,67747045 0,24378225 0
3,6887758 2,021991 1,8100848 1,2882696 1,0618418 0,9154386 0,85032254 0,46449926 1
5,0076604 1,6376319 1,6776094 1,291475 1,0332088 0,93670535 0,76230854 0,37183586 2
4,730165 1,5073311 1,34799 1,0417274 0,96777296 1,058184 0,92269844 0,43156993 3
4,7162013 2,931518 1,761915 1,4148433 1,0804611 0,83996123 0,61712486 0,2829302 4
4,1790237 2,532362 1,6797456 1,621633 1,2368683 1,0148321 0,80553955 0,35712677 5
5,7902856 2,464263 1,9357784 1,3848561 0,98896295 0,7676957 0,5176647 0,19066435 0
4,159455 1,9493772 1,7582635 1,1718835 1,0233655 0,7787822 0,7569723 0,45395666 1
4,54682 1,7477022 1,4934777 1,1856456 1,249211 0,98244846 0,85615003 0,41865832 2
5,184331 1,9737608 1,2779531 1,0842409 0,849296 0,7965929 0,78208584 0,40201977 3
4,319358 1,9206156 1,4213568 1,3011191 1,1405193 0,9287983 0,67871475 0,40518394 4
3,6741872 2,3234265 1,514016 1,5801212 1,255935 1,0238807 0,84689057 0,4179207 5
3,694851 3,020345 1,9924123 1,6835262 1,3686444 1,0508497 0,7196311 0,2564334 0
5,9035935 2,424965 1,6679003 1,2412033 0,9578072 0,7888269 0,5503664 0,23303959 1
5,4090586 2,2571201 1,467757 1,1292944 0,8776453 0,6984326 0,5219927 0,38094473 2
4,1682787 1,5563045 1,3780179 1,4595478 1,3928769 1,2833706 0,9388546 0,4028423 3
4,327643 2,9333808 1,8687917 1,7615054 1,1816576 0,9236567 0,6335734 0,32613045 4
3,4112043 1,9485948 1,5156808 1,9410772 1,1817223 1,0370398 0,84250504 0,3938516 5
2,657146 2,4944117 2,3649487 1,8322548 1,4324259 1,2213911 0,8310287 0,29713398 0
4,770647 1,6616632 1,6389439 1,2955556 1,1302422 0,94025254 0,7808333 0,3575102 1
4,569086 2,004028 1,4733678 1,21029 1,011308 0,9102897 0,72888076 0,59532297 2
4,434931 2,0556524 1,5559804 1,3497216 1,1816638 1,1207825 0,9319544 0,41013888 3
5,2256646 2,1251273 1,407538 1,1676574 0,8660694 0,6641055 0,53600085 0,38277233 4
3,694711 1,9170685 1,4253235 1,4629116 1,2658085 1,0105838 0,8673324 0,4521207 5
2,8568766 2,7853866 2,6079755 1,5525773 1,280664 1,0469215 0,67134976 0,23518796 0
4,415834 1,8952721 1,5366266 1,3308749 1,103435 0,992574 0,8376683 0,3532425 1
4,611616 2,0886273 1,8266561 1,2536365 0,95469326 0,84715503 0,64704496 0,46838042 2
4,349494 2,1660078 1,7174658 1,3721845 0,9821645 0,82081527 0,833166 0,38968843 3
4,6749787 2,2438557 1,6609237 1,7065737 1,2047936 0,90303653 0,637206 0,33475214 4
4,5574665 2,787572 1,8615695 1,3841307 1,0972875 0,8793682 0,72871375 0,32773352 5
3,1992514 2,8669724 2,7564673 1,6223445 1,3654817 1,1231503 0,72440565 0,25393334 0
4,158319 2,012225 1,8666416 1,2877818 0,9659729 0,86753654 0,852904 0,3457393 1
4,4513755 1,712457 1,728343 1,2490938 1,0015875 0,9166211 0,7569244 0,38715774 2
4,120812 1,7914742 1,4087172 1,4211882 1,1421152 1,0007092 0,8777869 0,40083924 3
3,9592087 2,1299138 1,5865128 1,104668 0,9368822 0,7718612 0,6233355 0,43353844 4
3,974498 2,3467124 1,6217706 1,4643424 1,1595187 1,0531261 0,785622 0,39216718 5
3,0719433 2,392598 2,2871325 2,034168 1,65085 1,3342774 0,8739801 0,3153824 0
4,4538445 1,861196 1,6077546 1,2627985 0,98030853 0,9619709 0,76995623 0,3714035 1
3,6447358 1,6739706 1,6827372 1,6022625 1,0224292 1,1559614 0,8831009 0,42473292 2
3,9676971 1,9393092 1,5156884 1,2906456 1,0833362 1,0195767 0,9235594 0,43127096 3
4,2178025 1,6908036 1,3067232 1,0814295 1,0519968 0,878999 0,853396 0,358297 4
3,6828027 2,2642663 1,6383393 1,2992893 1,2429303 1,0043772 0,85222936 0,36247006 5
3,339548 2,542166 2,5048566 1,9965537 1,4579653 1,2377552 0,82388103 0,2889074 0
5,6141877 1,6581174 1,1334153 0,9875499 0,99500006 0,86812854 0,65223366 0,29198503 1
3,538814 1,4637105 1,2899423 1,116184 0,9555631 0,86376834 0,8213987 0,5798345 2
4,131115 1,8597128 1,6102675 1,5863825 1,0982503 1,0901248 0,9232601 0,42942917 3
3,9085646 1,8525269 1,6225355 1,5022953 1,2538521 0,9375128 0,75843847 0,5153817 4
3,7835147 2,0907476 1,6112983 1,341917 1,0793707 1,0322078 0,96505517 0,40101275 5
3,287597 3,1584315 2,7848659 1,6550621 1,320711 1,0571396 0,6784297 0,2396654 0
5,494749 1,8355005 1,1823545 0,90297776 0,7677388 0,5935324 0,5924692 0,30820715 1
5,445724 2,1766016 1,7893517 1,1624302 0,89604974 0,6481325 0,42790657 0,21576923 2
4,444855 1,5664881 1,1849065 1,2051753 0,85314584 0,7592083 0,7399818 0,47404814 3
4,029188 2,444042 1,3911451 1,2803034 0,9953666 0,79606587 0,647059 0,43292582 4
4,028001 1,9152329 1,3712654 1,5639918 1,2298131 1,0838518 0,936336 0,37239024 5
3,2063425 2,449103 3,0513408 1,5771426 1,4435359 1,2898898 0,79429334 0,27315646 0
4,5336432 1,8593367 1,5429069 1,2476203 1,0610583 0,9748444 0,8966497 0,4061473 1
4,3541236 2,093374 1,5759606 1,5778294 1,1476306 0,8863412 0,5991283 0,311949 2
5,172236 2,0222294 1,5385617 1,151395 0,83915174 0,7567701 0,73142636 0,3159872 3
4,0348964 2,0558717 1,2132238 1,2495835 1,0386007 0,79173756 0,6759004 0,5459425 4
3,4982283 1,7791473 1,365791 1,446454 1,1787544 1,1004848 1,0468098 0,4168662 5
3,051028 0,7651225 0,7288823 0,89368427 1,6579711 0,8756954 1,0511303 0,42312557 0
4,7131443 1,45682 1,4569584 1,1565943 0,86551976 0,865551 0,76131684 0,35270202 1
4,442262 1,992277 1,8625815 1,0519902 0,89018464 0,6714871 0,5321466 0,23063247 2
5,5968294 1,9430326 1,2885076 0,99268806 0,7481495 0,6474532 0,568019 0,22214808 3
4,039338 2,125543 1,3865329 1,2733734 1,047425 0,83611876 0,6827117 0,44987243 4
4,4657264 2,3349092 1,7119951 1,4663384 1,2245276 1,0237741 0,7128774 0,28967294 5
